5.36 10.35 28
5.39 15.65 49
5.74 12.02 34
5.36 12.73 40
5.10 3.06 7
5.48 15.25 36
5.04 3.92 10
6.04 15.77 46
5.33 14.68 37
4.87 4.62 11
5.66 13.64 43
5.40 17.67 45
5.35 21.62 58
5.40 18.60 42
5.50 14.83 40
5.10 4.70 12
5.35 12.86 40
5.33 21.34 57
5.29 25.65 56
5.37 17.56 53
5.24 5.48 16
5.27 5.67 15
5.24 18.50 48
5.34 18.65 55
5.44 14.08 32
5.38 29.99 78
4.29 1.75 3
5.69 5.53 12
5.31 8.80 25
5.41 20.61 81
5.38 18.75 49
5.41 3.41 5
5.08 5.69 12
4.00 1.22 2
5.29 9.76 28
5.00 4.46 11
5.23 10.05 29
5.30 20.11 47
5.28 7.69 16
5.26 14.09 38
5.48 13.37 31
5.39 12.25 41
5.27 17.68 54
5.38 15.89 34
5.50 4.56 9
5.33 3.11 5
5.39 5.62 18
5.36 12.65 31
5.33 9.79 25
5.18 5.38 14
5.82 6.80 20
6.01 7.38 21
4.82 4.30 10
5.44 15.36 46
5.22 14.24 48
5.35 14.65 38
5.38 18.22 53
4.82 4.30 10
5.34 14.48 41
5.32 8.27 24
5.29 19.89 52
5.39 14.24 40
5.32 20.28 51
5.26 14.87 39
5.38 10.04 24
5.42 18.28 55
5.31 6.41 18
5.47 15.80 54
5.38 17.87 45
5.31 12.33 35
5.56 18.82 54
5.35 11.16 28
5.41 13.77 45
5.36 13.63 32
5.37 8.90 26
5.18 8.94 24
5.56 9.95 32
4.80 2.21 5
5.33 17.02 51
5.37 23.23 86
5.33 10.86 28
5.15 4.52 12
5.32 17.30 61
5.42 22.82 87
5.31 10.51 28
5.34 22.08 63
4.82 4.30 10
5.44 18.53 60
5.32 20.44 59
5.11 5.88 15
5.35 27.59 82
5.08 4.88 13
5.36 33.54 99
5.34 14.59 46
5.39 25.64 118
5.41 12.97 37
5.51 16.63 44
5.29 19.12 46
5.42 20.84 72
5.33 53.33 210
